>T0529_2_7-339 364-561_60
0.8086067 0.85096467 0.8617409 0.86486334 0.8658889 0.8662464 0.8663989 0.866471 0.86651367 0.8665524 0.8665713 0.8665632 0.8665088 0.8663987 0.86619705 0.8658462 0.8652077 0.86406165 0.861683 0.854761 0.81826365 0.5717847 0.3287006 0.19647875 0.12898414 0.09745517 0.08071724 0.06936074 0.061744526 0.0556611 0.051690068 0.050457105 0.053011637 0.060225092 0.07572141 0.11170876 0.1757378 0.2850853 0.53079075 0.7402445 0.90587956 0.9552394 0.9613705 0.9628699 0.96337134 0.963601 0.9637431 0.9638697 0.9639724 0.9640242 0.9639724 0.9638742 0.96385676 0.96374744 0.9635069 0.9631446 0.9623742 0.960407 0.9540349 0.93360585
>T0529_2_7-339 364-561_60
0.071629204 0.07758188 0.094378665 0.107310094 0.11517018 0.119445875 0.121171944 0.120275185 0.11708491 0.11392976 0.11133609 0.10953991 0.10866609 0.108797655 0.10914538 0.109600715 0.11108865 0.114068575 0.117822066 0.122629136 0.12864192 0.1355848 0.14458768 0.15528555 0.167306 0.18064457 0.19627766 0.21597515 0.24077855 0.27030414 0.30361295 0.34587875 0.39855593 0.4645793 0.5451836 0.6303041 0.70900947 0.7767492 0.8241604 0.85180604 0.8603717 0.8633475 0.8647003 0.86436725 0.86329114 0.862093 0.8610404 0.8600758 0.8592278 0.8584634 0.85767144 0.85677093 0.8556233 0.8541091 0.8520842 0.8491266 0.8443467 0.8358808 0.82138777 0.809457
>T0529_2_7-339 364-561_60
0.26597396 0.27254882 0.27511138 0.27986923 0.28629437 0.29204825 0.29737604 0.3016264 0.30528098 0.3085348 0.3105338 0.31180206 0.3128259 0.31357527 0.31466275 0.3152213 0.31487578 0.3127213 0.3075303 0.29831982 0.28653222 0.27473098 0.26497304 0.25765857 0.25150228 0.2453214 0.24001001 0.23539332 0.23102492 0.22684938 0.2246977 0.22732863 0.23633717 0.25238872 0.27807263 0.32093817 0.39433908 0.5111202 0.66391516 0.7732088 0.7984245 0.78984946 0.76751024 0.7552477 0.7582608 0.7611385 0.7586381 0.7553037 0.75243384 0.7507211 0.74966735 0.74895215 0.7483871 0.7476659 0.7464723 0.74327594 0.73680496 0.7254699 0.7142479 0.66524434
>T0529_2_7-339 364-561_60
0.08433339 0.07315665 0.074190676 0.07293957 0.070126355 0.06695377 0.06494883 0.06313606 0.062238775 0.062126577 0.06273619 0.0642264 0.06632816 0.06895528 0.072151035 0.076030694 0.08067164 0.086146355 0.091758735 0.09728577 0.10309873 0.1099429 0.11807787 0.12724286 0.13801026 0.15001775 0.16420491 0.1824172 0.20422429 0.2297415 0.25945315 0.29409313 0.33673108 0.38300818 0.42760643 0.46904266 0.51427674 0.5828141 0.6961905 0.80498624 0.8417818 0.84941953 0.84753317 0.8409697 0.83142024 0.82040805 0.81003386 0.80172217 0.7954815 0.78983146 0.7828462 0.77494705 0.76648724 0.7583795 0.7504834 0.74288553 0.73394316 0.71949327 0.6969191 0.66286516
>T0529_2_7-339 364-561_60
0.03878647 0.027034404 0.024318097 0.023278916 0.022663428 0.022427587 0.02242305 0.022649238 0.023027513 0.023644159 0.024549767 0.025814872 0.027488263 0.029652301 0.03233343 0.03576522 0.04009256 0.0454123 0.05160486 0.059010282 0.068190955 0.07983388 0.09526351 0.11664958 0.14441924 0.17867623 0.21916308 0.26422527 0.3132515 0.36582455 0.41694066 0.46376193 0.50605977 0.547634 0.5825328 0.6118156 0.64653707 0.698412 0.772717 0.83458257 0.8668987 0.8853843 0.8961864 0.9023349 0.9060695 0.9082149 0.90855557 0.90786 0.9066176 0.9046989 0.90211725 0.89904445 0.8954612 0.89071107 0.8842323 0.8758999 0.8651563 0.8508766 0.8258064 0.8156076
>T0529_2_7-339 364-561_60
0.07162476 0.06841849 0.07642181 0.085663624 0.09730332 0.11203459 0.1296833 0.14893474 0.16877714 0.18930304 0.21145329 0.23675036 0.26343665 0.29224262 0.3215515 0.35063794 0.37908974 0.4089243 0.44086713 0.47407392 0.50129765 0.52218205 0.5416111 0.56734115 0.5983599 0.63187754 0.66465044 0.6863978 0.7011909 0.7161813 0.7271426 0.7428496 0.7588233 0.7761808 0.79422766 0.8116967 0.826584 0.8384041 0.84723324 0.8526193 0.85582346 0.8575371 0.85814863 0.85814255 0.8575429 0.85558176 0.8518063 0.8444578 0.8314137 0.8098935 0.7787717 0.737547 0.68438935 0.6147966 0.5325213 0.45700046 0.39992902 0.3594514 0.33354616 0.25189313
>T0529_2_7-339 364-561_60
0.074170634 0.06278212 0.06377334 0.06396335 0.06366365 0.06367925 0.06401426 0.06461448 0.06550008 0.06690777 0.06893793 0.07140301 0.07431485 0.07758745 0.08126746 0.085390285 0.08992182 0.09466845 0.09906681 0.1034273 0.10720815 0.11105296 0.11516551 0.120105214 0.12605031 0.13360985 0.14284617 0.15374686 0.16598621 0.18058454 0.19637464 0.21580505 0.23878524 0.2670893 0.30243522 0.34622845 0.3959942 0.4564137 0.54583585 0.7108806 0.822727 0.8345179 0.8267973 0.815406 0.80468047 0.79810077 0.79558337 0.7942411 0.7928842 0.7911755 0.7904044 0.7890444 0.7871545 0.7852845 0.782876 0.77951676 0.7755016 0.77210164 0.77601045 0.8309436
>T0529_2_7-339 364-561_60
0.11787578 0.13025536 0.14404242 0.1495873 0.14886187 0.14608257 0.14392394 0.14322089 0.14308439 0.14451925 0.14727633 0.15003367 0.15298277 0.15485404 0.15697101 0.15933244 0.16130197 0.16401972 0.16671687 0.1694729 0.17214046 0.17470647 0.17740704 0.1798923 0.18323563 0.18677534 0.1905834 0.19539288 0.20188633 0.21068288 0.22077906 0.2329969 0.2477728 0.26568797 0.28847703 0.32154968 0.36735806 0.42932037 0.51310885 0.632603 0.76025224 0.8213657 0.8285094 0.82564235 0.81855595 0.8090627 0.8007112 0.7944396 0.78942037 0.7849576 0.781411 0.7794363 0.77897 0.7796023 0.77948844 0.77796054 0.7720426 0.7643645 0.75800145 0.75454223
>T0529_2_7-339 364-561_60
0.093618944 0.098089315 0.10595668 0.10864019 0.10966754 0.11041597 0.11157401 0.11356715 0.11685303 0.12124729 0.12663151 0.1319915 0.13770254 0.14487882 0.15396439 0.16376092 0.17448306 0.18515867 0.19542444 0.20492932 0.2131022 0.22041374 0.22707193 0.23339957 0.23974982 0.24586552 0.25126714 0.257558 0.26543492 0.27594146 0.29025102 0.3063927 0.32482776 0.34627986 0.3725479 0.40956077 0.4686217 0.5780565 0.7330925 0.78797257 0.80652153 0.82284015 0.833932 0.839787 0.84123677 0.8410268 0.83975774 0.8366112 0.83137685 0.8246364 0.8177047 0.8112082 0.8060334 0.8036066 0.80088544 0.7971205 0.7910701 0.7817657 0.7742616 0.78952616
>T0529_2_7-339 364-561_29
0.18707816 0.22239327 0.26206747 0.30674434 0.35878885 0.42508405 0.5141786 0.6403353 0.7901648 0.8711805 0.9023554 0.918632 0.9276046 0.9313342 0.93228084 0.9320103 0.9316296 0.9314127 0.9311632 0.93093246 0.9305486 0.92999655 0.9290713 0.9278713 0.9263768 0.92418385 0.9197013 0.9076364 0.8964796
>T0537_2_65-350 351-381_60
0.7508686 0.83267313 0.85531336 0.8613832 0.8630029 0.86399233 0.8648912 0.8654936 0.8658747 0.8661247 0.8663009 0.8664512 0.86654323 0.86659354 0.866618 0.8666187 0.86658216 0.8664694 0.8662418 0.86578006 0.86487514 0.86298025 0.85914814 0.85137725 0.838181 0.8194287 0.79650867 0.7715106 0.7485208 0.73027194 0.7170076 0.70893526 0.7093306 0.71314186 0.71875113 0.7285588 0.7415638 0.7498331 0.7430208 0.72599196 0.6939664 0.65770715 0.6168495 0.578651 0.54748225 0.51833475 0.48984337 0.45905665 0.4288099 0.40054736 0.3763279 0.3490973 0.31993255 0.28673372 0.25648236 0.23120543 0.20848133 0.19498777 0.2068481 0.19910336
>T0537_2_65-350 351-381_60
0.05516366 0.04261798 0.039807662 0.038858976 0.03895436 0.03986571 0.041593213 0.044324305 0.04855019 0.054242697 0.06153842 0.070159175 0.0804928 0.092282005 0.10531924 0.119968206 0.13573468 0.15297288 0.17193313 0.19325379 0.21757764 0.24360333 0.26976743 0.29515752 0.31969008 0.34264407 0.36277127 0.38319734 0.40510187 0.42890868 0.45642164 0.48639622 0.5193057 0.54961836 0.57430536 0.5919297 0.60529065 0.61565286 0.64045924 0.70894134 0.79741156 0.8352467 0.85351807 0.8636706 0.8660763 0.862043 0.8550679 0.8459758 0.8347735 0.8238713 0.8130118 0.80131876 0.7881238 0.77339464 0.7561005 0.7358432 0.71444213 0.6952128 0.6768279 0.6698198
>T0537_2_65-350 351-381_60
0.073157325 0.06475192 0.06530645 0.06460988 0.06268434 0.060472477 0.057686593 0.0541988 0.049245268 0.044257827 0.040194973 0.036303475 0.033534132 0.031825986 0.031036 0.031025825 0.031554226 0.03259128 0.03402981 0.036353853 0.039811775 0.044634156 0.051255334 0.061240815 0.07481425 0.09114679 0.10910202 0.1294657 0.15293048 0.1803217 0.21363586 0.2513365 0.29886913 0.35566837 0.41320872 0.4692108 0.52538353 0.5905061 0.7068942 0.8322995 0.8951945 0.9216518 0.9356695 0.94423634 0.9493652 0.95189005 0.9529959 0.9534548 0.9531896 0.9521221 0.95069116 0.9505412 0.9511395 0.9516814 0.9510929 0.95012563 0.94833565 0.94626033 0.9415834 0.9284183
>T0537_2_65-350 351-381_60
0.043612592 0.03135465 0.028201675 0.026303675 0.024871726 0.023691604 0.022777958 0.022056567 0.021485757 0.021118566 0.02086189 0.02075176 0.020783627 0.021000743 0.021343295 0.021858374 0.022570165 0.023941701 0.026869226 0.032302003 0.04114005 0.05490288 0.077318646 0.11119672 0.14887182 0.18354441 0.21944737 0.25814065 0.29765317 0.33765277 0.38076857 0.43094715 0.4841403 0.5340496 0.57254004 0.60347426 0.634616 0.673903 0.7254583 0.7811308 0.81596714 0.8288536 0.8393383 0.8483557 0.8538696 0.85542876 0.8538916 0.8506824 0.8472281 0.8427192 0.83618045 0.8284431 0.82155025 0.8154608 0.80966866 0.8010353 0.7845205 0.7562858 0.70519 0.6042416
>T0537_2_65-350 351-381_60
0.04079292 0.02955821 0.026124982 0.024370488 0.023294766 0.022673134 0.022286348 0.02211127 0.022000004 0.021966994 0.022046896 0.02218461 0.022392923 0.022673732 0.023090057 0.023697639 0.024548795 0.025689133 0.027158512 0.02920097 0.031998236 0.035527803 0.039744973 0.0446101 0.0499705 0.05600251 0.06267248 0.070745304 0.08152121 0.09773177 0.122815385 0.15975642 0.2116362 0.26931512 0.3306262 0.3867109 0.43452543 0.47728574 0.5160637 0.56166995 0.6310197 0.7029514 0.7536541 0.78365195 0.79402524 0.7967103 0.79487497 0.78904694 0.7824374 0.7757415 0.7683529 0.7608866 0.752046 0.7404932 0.726233 0.7083314 0.6867187 0.6631624 0.6481401 0.6029939
>T0537_2_65-350 351-381_60
0.16193181 0.14896196 0.15855817 0.1716126 0.18307827 0.19316147 0.20645364 0.2220836 0.2407514 0.25959498 0.27885234 0.29368523 0.30594936 0.31558177 0.3237887 0.32821906 0.32806575 0.32770807 0.32639593 0.31952497 0.31448838 0.30963278 0.30700693 0.30704695 0.30849874 0.31090057 0.3129889 0.31372505 0.31227913 0.31146303 0.31441283 0.32176226 0.3334989 0.34813958 0.36450642 0.38050014 0.39579767 0.41295436 0.44158643 0.51264524 0.6223682 0.6332335 0.63018584 0.625675 0.6161778 0.6077204 0.6002301 0.591255 0.5828668 0.5765585 0.572236 0.5704882 0.5702837 0.56827605 0.5650993 0.56112975 0.5573184 0.5550071 0.554002 0.50100106
>T0537_2_65-350 351-381_21
0.67504215 0.8448675 0.90875405 0.93007255 0.9357518 0.93771607 0.9383958 0.9382052 0.9375385 0.93649143 0.935071 0.93342245 0.93161005 0.9294694 0.92662764 0.922536 0.9160595 0.90546536 0.88757855 0.8489733 0.48700604
>T0542_2_2-302 303-585_60
0.82639664 0.85907406 0.8650138 0.8662794 0.86658496 0.86666936 0.8666851 0.86669666 0.8667086 0.86672425 0.8667351 0.86674213 0.86675316 0.866758 0.86674666 0.86669356 0.86651134 0.8658609 0.86332464 0.8509466 0.75384545 0.28165525 0.1500789 0.11358026 0.08463502 0.06612079 0.05749985 0.051670514 0.050828155 0.05203513 0.05490946 0.05875311 0.06302431 0.06997804 0.08281253 0.10990316 0.16572547 0.25970045 0.40914187 0.6111054 0.86198723 0.9549104 0.96097994 0.96255213 0.96323717 0.96336484 0.96332234 0.9634062 0.96331483 0.96302205 0.96271396 0.9624048 0.9622807 0.9623028 0.96238637 0.96253455 0.9623274 0.9607906 0.9540616 0.93705004
>T0542_2_2-302 303-585_60
0.065141164 0.065982856 0.0732829 0.07625133 0.0762225 0.07511157 0.07458548 0.0747469 0.07561193 0.07705821 0.079233594 0.08174246 0.08501304 0.089413464 0.094792016 0.10074758 0.10921575 0.118992664 0.12896304 0.13958791 0.15195605 0.16990444 0.19101079 0.21531421 0.2422719 0.26890227 0.29515544 0.321508 0.34807092 0.37510943 0.4041433 0.4409863 0.47794673 0.51140296 0.545669 0.5725422 0.6001306 0.6225246 0.65162385 0.7189867 0.839347 0.9118616 0.92564607 0.93028635 0.93007606 0.9263807 0.9211958 0.9157372 0.9108192 0.90670806 0.9036351 0.9007327 0.8979589 0.89505637 0.8916148 0.8870299 0.88131523 0.8732616 0.85884386 0.8024718
>T0542_2_2-302 303-585_60
0.042115755 0.029336028 0.026841123 0.026327193 0.026616422 0.027257686 0.02826045 0.029643172 0.031417392 0.033658978 0.0359459 0.03818869 0.040618103 0.04326342 0.04622287 0.049915906 0.054100875 0.058905996 0.06502702 0.07350056 0.08612477 0.10577448 0.13440834 0.17086044 0.21316122 0.2572922 0.30448318 0.35525954 0.40421543 0.4453221 0.48187247 0.51764894 0.5591524 0.6005953 0.63431054 0.6611729 0.68952596 0.73271835 0.79477173 0.85252845 0.8777675 0.8856806 0.88905364 0.8903859 0.8903706 0.88942707 0.88789105 0.8859942 0.8841442 0.88235295 0.8805034 0.8782943 0.875808 0.872877 0.86934614 0.864449 0.8569143 0.84525687 0.82719815 0.8164641
>T0542_2_2-302 303-585_60
0.08581273 0.081956185 0.098252796 0.11081326 0.11393702 0.109999895 0.106212206 0.10586966 0.10961932 0.11513965 0.12100828 0.12685989 0.1322266 0.13769163 0.14434306 0.15197764 0.16131118 0.17186327 0.1837181 0.19575748 0.20765957 0.22016123 0.23236142 0.24566858 0.2588585 0.27176055 0.28505135 0.29841667 0.31172907 0.3242245 0.33577117 0.34860584 0.36454225 0.38368616 0.40887952 0.4426871 0.47720844 0.5158926 0.5616504 0.64141273 0.7950873 0.893593 0.9114114 0.9178058 0.9199821 0.91982925 0.91771096 0.91353756 0.9072821 0.89923054 0.8924997 0.8891415 0.88723046 0.8852194 0.8824829 0.87829834 0.8717078 0.86194986 0.8512848 0.8458179
>T0542_2_2-302 303-585_60
0.08231298 0.07294342 0.072863065 0.07087756 0.06794779 0.064959556 0.062591 0.061004106 0.0604375 0.06041265 0.061260115 0.062706076 0.065299466 0.06884848 0.07281126 0.07748813 0.082926996 0.08929798 0.09570363 0.10324902 0.11324047 0.12667206 0.14383727 0.16540943 0.19190685 0.22256927 0.25716755 0.2947005 0.3356108 0.3826868 0.43491712 0.48879048 0.54327184 0.61275667 0.70465267 0.7823523 0.83630115 0.8676853 0.8842851 0.89284384 0.8970979 0.8983381 0.89758456 0.8964078 0.89491504 0.8914977 0.8867108 0.881345 0.8765079 0.8723922 0.8685974 0.86510944 0.86164796 0.85820067 0.85450065 0.8491287 0.8405211 0.82772917 0.80862105 0.74010414
>T0542_2_2-302 303-585_60
0.036486764 0.026444176 0.023817664 0.022328375 0.021307722 0.020460246 0.0197653 0.019235505 0.018876905 0.018643279 0.018535614 0.018539727 0.018653732 0.018893253 0.0193017 0.019970974 0.021099288 0.022866135 0.025415864 0.028907998 0.033379868 0.038922757 0.046327025 0.056047514 0.06843406 0.084831566 0.10709208 0.13574743 0.17314698 0.22437912 0.3003257 0.40102905 0.49799433 0.5756992 0.6415426 0.70045733 0.76584136 0.82525253 0.86031824 0.88042563 0.89209676 0.8998685 0.9059791 0.91040033 0.91366035 0.91571105 0.9171029 0.9171218 0.9162189 0.9151621 0.9143533 0.9138861 0.91279185 0.91056556 0.907016 0.90177065 0.8957701 0.89023656 0.8799223 0.861543
>T0542_2_2-302 303-585_60
0.11479898 0.11950106 0.13001533 0.13395718 0.13558479 0.13809843 0.14212696 0.1470096 0.15270214 0.15945195 0.16552311 0.17206196 0.17834619 0.18530183 0.19318031 0.20094863 0.20979324 0.2193184 0.22891316 0.23870753 0.24935414 0.26142195 0.27349815 0.28583786 0.29844624 0.31069058 0.32406443 0.33793315 0.35246435 0.36765525 0.38397518 0.40164095 0.42116132 0.44139954 0.46500427 0.49739602 0.5513287 0.64286655 0.7342563 0.7731843 0.7740683 0.7655536 0.7552741 0.7436941 0.7335635 0.72569317 0.7193789 0.7142602 0.7103095 0.7073369 0.7046115 0.7002852 0.69522494 0.68861914 0.68108886 0.6693788 0.6533997 0.6329516 0.6148787 0.5270295
>T0542_2_2-302 303-585_60
0.07490659 0.074854255 0.0814201 0.08183134 0.07858846 0.07438899 0.07071901 0.06824132 0.06656541 0.065788575 0.065955415 0.06647002 0.06744721 0.068779126 0.070850134 0.07359079 0.076705255 0.08016126 0.083520405 0.087048605 0.090640076 0.09471138 0.09953942 0.10578388 0.11354501 0.12374322 0.13669586 0.15347597 0.1733501 0.19822194 0.22882651 0.26261297 0.29956695 0.3439214 0.40206388 0.465575 0.51840967 0.55674094 0.5942758 0.6754858 0.7826921 0.83686745 0.852283 0.8613561 0.8648126 0.86523473 0.86444604 0.8630448 0.8613102 0.8592234 0.8568445 0.8547649 0.8524656 0.8495044 0.8451166 0.83953 0.8332439 0.82403445 0.8141969 0.8509147
>T0542_2_2-302 303-585_60
0.3180355 0.32192495 0.3337155 0.34491935 0.35393596 0.36220592 0.36730018 0.37168318 0.3773639 0.38414723 0.39137253 0.39920154 0.4065779 0.41568702 0.42618686 0.43932152 0.45405576 0.46787375 0.4801096 0.49262345 0.50720096 0.5198133 0.5272932 0.53146034 0.53223145 0.5310897 0.5275749 0.5243581 0.5172957 0.5110747 0.5011034 0.4898727 0.47959042 0.47194552 0.46807897 0.47732162 0.5082178 0.56043667 0.6110021 0.65110785 0.67971385 0.69102603 0.68739766 0.68009394 0.66805226 0.6537037 0.63978237 0.6265501 0.6143813 0.59995425 0.5821718 0.5606342 0.5398215 0.5256261 0.5203498 0.51987046 0.5146081 0.51196396 0.5574789 0.61940974
>T0542_2_2-302 303-585_50
0.58043414 0.6363824 0.6450371 0.6428875 0.64463407 0.6490719 0.6516565 0.64683086 0.6298645 0.6025747 0.5675784 0.53797656 0.5189293 0.5031709 0.49792996 0.49883774 0.5049035 0.510316 0.51995414 0.5292438 0.53515685 0.5360424 0.5376742 0.5397621 0.5346023 0.52424103 0.51237637 0.50009036 0.49006012 0.48155656 0.47325164 0.46301857 0.44941786 0.43274015 0.41559336 0.39711484 0.37587368 0.3501995 0.3218652 0.2942488 0.27056384 0.24959554 0.23079364 0.2071601 0.17952573 0.14532693 0.112964295 0.096920155 0.09883014 0.07199129
>T0548_2_12-46 47-106_60
0.81678194 0.8530635 0.8612494 0.8630854 0.86318934 0.8628286 0.8624413 0.86260617 0.8629191 0.8629979 0.86278427 0.8625607 0.86228883 0.861236 0.85968345 0.8568985 0.85312164 0.8460154 0.8148368 0.62391937 0.36566544 0.24646232 0.18682827 0.15278143 0.12899503 0.10823263 0.09025722 0.07837143 0.070863426 0.065573156 0.062322788 0.061081316 0.061923724 0.064280845 0.069792084 0.08028664 0.10004125 0.16016306 0.4155538 0.77758384 0.9235711 0.9479903 0.9549254 0.9580433 0.959837 0.96095526 0.9615613 0.96169084 0.96166867 0.9616332 0.9616305 0.96162593 0.9616659 0.96174484 0.9616766 0.96144944 0.9608981 0.95923996 0.9525962 0.92433894
>T0548_2_12-46 47-106_46
0.1170856 0.12968707 0.15481569 0.17587097 0.19232139 0.20614897 0.21756406 0.22732674 0.23636621 0.24663988 0.25820956 0.27128825 0.28581983 0.3010406 0.31814072 0.33655974 0.35682762 0.37953264 0.4058958 0.4403767 0.4838719 0.5400647 0.6217712 0.7143192 0.7870612 0.82857543 0.84375685 0.8537111 0.8604706 0.8619092 0.8595552 0.85507405 0.8486038 0.84081197 0.8316895 0.822746 0.814395 0.8063712 0.79874533 0.7903347 0.7801327 0.7670628 0.7518207 0.7336639 0.7073497 0.697673
>T0550_2_31-117 178-339_60
0.36555403 0.4449353 0.53180456 0.6120654 0.67998075 0.7274571 0.7621328 0.78885126 0.8091432 0.82151616 0.82716274 0.8286343 0.8263629 0.8209253 0.8135233 0.80459833 0.7960062 0.7931458 0.7972989 0.8087752 0.8232056 0.83543926 0.8439273 0.84910566 0.852174 0.854046 0.85500777 0.8549485 0.85446954 0.85419446 0.85463977 0.8546422 0.85360956 0.850934 0.8480639 0.8433768 0.8378367 0.83199847 0.83802354 0.864507 0.8949011 0.91344863 0.92295796 0.928061 0.930256 0.9305166 0.9293741 0.9273897 0.9255015 0.9248385 0.9250116 0.92436993 0.92142355 0.9178579 0.913174 0.90589076 0.893876 0.8669093 0.82087517 0.6962569
>T0550_2_31-117 178-339_60
0.12493896 0.11853867 0.12575759 0.1310363 0.13387561 0.13473484 0.13458945 0.13466333 0.13568813 0.13784559 0.14095876 0.14465086 0.14845663 0.15222432 0.15648542 0.16131891 0.16694422 0.1755721 0.18683872 0.2021133 0.21980338 0.24035516 0.26268527 0.28723574 0.3134622 0.33930224 0.36302048 0.38408276 0.40232816 0.41889262 0.43375024 0.446801 0.45895562 0.46940145 0.47838917 0.4877524 0.5013227 0.5297371 0.58888716 0.67103195 0.7210141 0.7313612 0.7358953 0.7390954 0.7404973 0.7380665 0.72988445 0.7194939 0.70976615 0.70197225 0.69705063 0.6935532 0.6899774 0.68388635 0.6776802 0.67342174 0.66808873 0.65751535 0.64266205 0.60038507
>T0550_2_31-117 178-339_60
0.060266025 0.044990312 0.04151701 0.039731205 0.038471516 0.037908718 0.03793484 0.03839465 0.038994227 0.039517462 0.0397548 0.03975292 0.039657727 0.039941654 0.040319335 0.04113423 0.041949093 0.042960886 0.044174805 0.04536183 0.04717163 0.049380384 0.052089687 0.055711377 0.06038718 0.06615781 0.072849944 0.08018164 0.08852154 0.09797076 0.109459095 0.124264546 0.14287353 0.16770352 0.20458227 0.26455477 0.35446933 0.48826262 0.6914744 0.8149352 0.83539855 0.837194 0.83390045 0.82864225 0.8240829 0.8209193 0.8190603 0.8177613 0.8166597 0.8157077 0.81488186 0.81390685 0.8129287 0.81214976 0.8106347 0.80757827 0.8019534 0.7946713 0.7857616 0.71595746
>T0550_2_31-117 178-339_60
0.07249719 0.05274799 0.04785027 0.04606989 0.045381244 0.045200247 0.045187566 0.045455176 0.04620944 0.047277432 0.04860351 0.05025879 0.052628003 0.05550222 0.058912985 0.06177549 0.064668454 0.06831748 0.07235818 0.07698441 0.08250684 0.08887478 0.09627153 0.104344666 0.11388477 0.1256263 0.14025795 0.15817367 0.17960618 0.2046109 0.23217341 0.2602223 0.28893384 0.319129 0.35142535 0.3872428 0.43345517 0.5059292 0.62669027 0.7872406 0.85750043 0.8788045 0.88668025 0.88845885 0.88646173 0.8821425 0.8777729 0.8735808 0.8699679 0.86708075 0.86492103 0.86295414 0.86108744 0.85926104 0.8579266 0.85634136 0.852204 0.84340143 0.82909226 0.79419196
>T0550_2_31-117 178-339_60
0.11120126 0.111834645 0.1161024 0.11785471 0.11819237 0.11770068 0.11695091 0.11625428 0.115037784 0.11367881 0.11254102 0.11176457 0.11139699 0.1113999 0.11176685 0.11195479 0.1118362 0.11109889 0.10978943 0.108021416 0.10580861 0.10309136 0.099978216 0.09638546 0.09245838 0.08829337 0.083827384 0.07940952 0.07526811 0.07173592 0.069572896 0.069506146 0.07234902 0.079777665 0.09339573 0.11305346 0.13842799 0.17217241 0.22185473 0.2703377 0.26337683 0.24024892 0.225587 0.2154375 0.21001972 0.20906919 0.21107726 0.21247998 0.21297298 0.21489924 0.22036721 0.2295067 0.24395536 0.26519945 0.2952432 0.33657086 0.39304146 0.45552728 0.51155275 0.41438642
>T0550_2_31-117 178-339_39
0.15659788 0.16818891 0.19211082 0.21482648 0.23685251 0.26007858 0.28497255 0.31141362 0.33647957 0.3617358 0.3862879 0.4092953 0.43300104 0.45572102 0.47743085 0.49885786 0.52703416 0.58978736 0.7025216 0.8013278 0.83375 0.8375882 0.8335265 0.8252679 0.81315935 0.80130494 0.79136914 0.7825128 0.77484906 0.76865506 0.7634447 0.7579503 0.7516964 0.7445412 0.7348397 0.7203269 0.70036525 0.67959064 0.63694054
>T0553_2_3-65 66-136_60
0.8180593 0.8549568 0.8631561 0.8653744 0.8660575 0.8662964 0.86641943 0.86652166 0.86660236 0.86665547 0.866672 0.86666113 0.86662906 0.8665591 0.8663725 0.8658832 0.8643418 0.8589742 0.835642 0.65952706 0.21980828 0.11634362 0.08087112 0.06710168 0.059458893 0.053673487 0.04971051 0.047696646 0.047327127 0.048831996 0.05405173 0.06374366 0.07922689 0.09969505 0.12464896 0.15211396 0.18104957 0.21602254 0.3036687 0.7225663 0.9180421 0.9484155 0.95759237 0.9612427 0.96290654 0.96361125 0.9638596 0.96390545 0.96393645 0.9639686 0.9639953 0.9639994 0.963948 0.9638572 0.9637225 0.9634352 0.96259594 0.96014136 0.95261407 0.92852855
>T0553_2_3-65 66-136_60
0.06793895 0.059149638 0.060357086 0.060097918 0.059547227 0.059125695 0.059391 0.0597787 0.060481966 0.061062295 0.06140316 0.06174371 0.062162016 0.06273116 0.063357696 0.06428576 0.06536413 0.06658224 0.068154946 0.06978159 0.07162403 0.07357993 0.07590299 0.07878737 0.08232732 0.086295985 0.09055955 0.09454824 0.09879011 0.10393552 0.11079762 0.120429985 0.13439125 0.15733534 0.19770415 0.2582191 0.3354766 0.4296771 0.5880208 0.78137803 0.81882083 0.8396706 0.8532112 0.8596719 0.8624554 0.8630123 0.8618764 0.8596802 0.85674757 0.853082 0.8493371 0.84618586 0.8436599 0.8412861 0.83849967 0.834577 0.8279146 0.81556255 0.7955918 0.83082473
>T0553_2_3-65 66-136_21
0.8201131 0.91528887 0.9432232 0.95201826 0.9551844 0.9565764 0.95737046 0.95761764 0.9573889 0.95675904 0.9559666 0.9550948 0.9541753 0.95321506 0.9521865 0.95077664 0.94886714 0.9461525 0.9411317 0.9289231 0.85092014
>T0571_2_32-196 197-331_60
0.6257074 0.7642668 0.8211367 0.845956 0.85761005 0.862869 0.86511016 0.86598796 0.8663203 0.86645746 0.866496 0.866478 0.8664441 0.86643636 0.866438 0.8663229 0.8659822 0.8654336 0.8648919 0.86440724 0.8642443 0.86404175 0.8637553 0.86329037 0.86263555 0.8620232 0.86109275 0.8603687 0.8597699 0.85989857 0.8606603 0.8621483 0.86344826 0.8644797 0.8658096 0.8677063 0.8700814 0.87348294 0.879046 0.8883673 0.90029067 0.9106216 0.9181554 0.92252535 0.92280066 0.9192037 0.91265535 0.90484977 0.8981002 0.8921909 0.8878369 0.88466847 0.88252145 0.88100076 0.8796771 0.8779673 0.874848 0.86850065 0.8538271 0.77140677
>T0571_2_32-196 197-331_60
0.10405336 0.106038444 0.11185533 0.111338034 0.1075627 0.10356531 0.0999484 0.09705825 0.09524023 0.09411356 0.09254203 0.091841914 0.09221768 0.09406394 0.096980736 0.100134924 0.10262187 0.1039465 0.10535623 0.10738766 0.10946836 0.11111555 0.11186291 0.11290189 0.11469239 0.11891587 0.12626475 0.13832958 0.15432896 0.17329058 0.19607607 0.22325605 0.25532085 0.29102957 0.32919025 0.37296197 0.42432934 0.49091858 0.59088266 0.7453648 0.87524164 0.914645 0.9279533 0.93263656 0.9338511 0.93317574 0.93172663 0.9299017 0.92767483 0.9251984 0.92255855 0.9198797 0.91723365 0.9146507 0.9119196 0.9087008 0.9039684 0.89540684 0.8778612 0.8577569
>T0571_2_32-196 197-331_60
0.10559853 0.09484073 0.09696493 0.09924036 0.10186063 0.10497276 0.10836616 0.11208811 0.11664728 0.122067735 0.12854046 0.13675904 0.14700134 0.15945366 0.17498308 0.19427347 0.21818288 0.24717136 0.28049684 0.31674013 0.3531794 0.38794112 0.42060873 0.448821 0.47143528 0.48910072 0.50378853 0.5178817 0.5342797 0.55337244 0.5688364 0.5913447 0.6224548 0.65299463 0.68778944 0.7143497 0.7367677 0.7540553 0.7691824 0.77912366 0.780195 0.7763606 0.77108914 0.76568574 0.76043093 0.7548278 0.748244 0.741454 0.73292 0.72253853 0.7115585 0.70142287 0.6914157 0.6817328 0.66957474 0.6545051 0.63356906 0.6035689 0.5664092 0.41654938
>T0571_2_32-196 197-331_60
0.08082525 0.066960715 0.06740803 0.071139485 0.07543055 0.08027819 0.085428074 0.09108252 0.09676076 0.10237991 0.107539296 0.11269811 0.11760701 0.122826844 0.12816721 0.13389866 0.13983484 0.14611891 0.15251239 0.15923357 0.16614246 0.17256445 0.17972022 0.18829724 0.19748542 0.20733412 0.21926016 0.23669533 0.25885314 0.28472444 0.31258464 0.34095317 0.37291422 0.40667266 0.44274384 0.49204856 0.5759298 0.69754666 0.7842274 0.80891806 0.8113246 0.81020766 0.8052289 0.7950687 0.7814873 0.76617205 0.7493579 0.733143 0.72209877 0.715331 0.71099794 0.7074586 0.7032953 0.6977517 0.6915172 0.68511754 0.67788833 0.6669962 0.65995187 0.66613007
>T0571_2_32-196 197-331_60
0.05779434 0.046784546 0.044807337 0.04367232 0.04290156 0.042739443 0.0436686 0.04539977 0.047880575 0.050630078 0.053716265 0.05697764 0.060301017 0.063731775 0.06709892 0.07050736 0.073829494 0.07719612 0.08020786 0.083290726 0.086574204 0.09023191 0.09470438 0.10048629 0.10710684 0.11575983 0.12574899 0.13715331 0.15013707 0.1630441 0.17486665 0.18347418 0.1893499 0.19478516 0.20077531 0.20690705 0.21002021 0.20769605 0.20134522 0.19799201 0.21691957 0.2837649 0.378937 0.43402505 0.46066123 0.47798228 0.491678 0.49983 0.5047337 0.5073711 0.50542396 0.4991307 0.4903192 0.47825694 0.46088818 0.4349262 0.3989358 0.35839826 0.3459482 0.37827253
>T0571_2_32-196 197-331_44
0.059327427 0.04631578 0.045920324 0.047800317 0.049654357 0.050642572 0.051670313 0.052821223 0.05500898 0.058646183 0.063674875 0.06999401 0.07732765 0.085896954 0.09583686 0.10767627 0.12406915 0.14974593 0.19405623 0.26811028 0.37415588 0.5075707 0.68348837 0.82670444 0.8750216 0.8903256 0.8940071 0.89288896 0.8892607 0.8844032 0.88021505 0.8769634 0.8742961 0.8721574 0.8705395 0.8693 0.8682321 0.86707836 0.8654699 0.86301035 0.85868114 0.8506929 0.8367193 0.86052424
>T0575_2_1-63 64-216_60
0.8238392 0.858429 0.8648167 0.86618084 0.86652935 0.8666485 0.8667036 0.8667371 0.86676306 0.86677945 0.866788 0.8667913 0.86678916 0.8667767 0.8667436 0.86665577 0.8664043 0.8656187 0.8629046 0.8507564 0.76292706 0.50704825 0.3328399 0.24588907 0.1945766 0.15066682 0.11481536 0.093051784 0.08031272 0.073630944 0.071235254 0.07145358 0.07250583 0.07492783 0.08165563 0.09566479 0.12326516 0.18014397 0.3029582 0.6149402 0.8714563 0.9375341 0.9549347 0.9602273 0.9619865 0.96253455 0.9626595 0.9626614 0.962602 0.96247745 0.96234804 0.9622457 0.96211183 0.9619682 0.96163064 0.9609527 0.9597293 0.957522 0.9512004 0.93457836
>T0575_2_1-63 64-216_60
0.085983776 0.07578553 0.07599562 0.07331034 0.069079384 0.06606192 0.063325636 0.061898723 0.06106454 0.06082177 0.060507964 0.059794948 0.05925548 0.059045162 0.059476245 0.060543917 0.06321368 0.06767436 0.07350234 0.0796857 0.08591751 0.09198775 0.09861705 0.10641175 0.11604439 0.12819886 0.14021033 0.15147121 0.16193832 0.17177859 0.18227558 0.19486874 0.21096365 0.23135065 0.25646788 0.28919917 0.33987957 0.42528597 0.5603789 0.710452 0.77123976 0.7774354 0.7717472 0.75859636 0.7424977 0.7280206 0.71478474 0.70479316 0.69824743 0.6941661 0.69147813 0.6894681 0.6882133 0.6875692 0.6869112 0.68528277 0.6804501 0.6688673 0.6490231 0.611959
>T0575_2_1-63 64-216_60
0.05706956 0.043669153 0.041866027 0.04088791 0.03939414 0.038281262 0.037547436 0.037053693 0.03682196 0.036911856 0.03750579 0.038308725 0.039340876 0.040476203 0.041388873 0.042079642 0.042711772 0.043379847 0.044407655 0.045854643 0.04764558 0.049787253 0.0525753 0.0557892 0.05978889 0.06417886 0.06862625 0.07342384 0.07900579 0.085626975 0.09294175 0.10169681 0.11233617 0.12625702 0.1448398 0.17235999 0.21530923 0.2906997 0.42805493 0.6412106 0.8044198 0.8530777 0.8628908 0.86489546 0.86363804 0.86078817 0.856881 0.85325927 0.85074246 0.84916914 0.8478382 0.8460237 0.84371394 0.8412259 0.83815837 0.8334523 0.8247835 0.81222266 0.8033555 0.8348893
>T0575_2_1-63 64-216_36
0.08237124 0.07820642 0.0836258 0.086692795 0.09029416 0.09635821 0.10723173 0.123719394 0.1461582 0.17657161 0.21756467 0.2757112 0.35726428 0.4517386 0.5600044 0.73041725 0.83350873 0.86535054 0.88100463 0.8857363 0.8849437 0.8832465 0.881924 0.8809789 0.88025624 0.8796209 0.87898535 0.8783187 0.8774399 0.87623423 0.8745938 0.87300074 0.87029326 0.8649992 0.85225755 0.8551785
>T0582_2_2-122 123-221_60
0.82104355 0.8577152 0.86476856 0.86626154 0.86661994 0.8667248 0.866766 0.8667827 0.8667893 0.8667902 0.8667891 0.86678696 0.86678284 0.8667709 0.8667389 0.8666406 0.86626446 0.8645531 0.8556291 0.786935 0.37150043 0.1798872 0.13162537 0.114164926 0.105635606 0.1006832 0.09773664 0.09517641 0.09438785 0.09280486 0.09190152 0.093385726 0.096993044 0.10344012 0.11524381 0.14223622 0.19132607 0.27791557 0.42286435 0.6458767 0.9056069 0.95306724 0.9590103 0.960935 0.9618442 0.9624495 0.9628377 0.9630373 0.96310645 0.9630158 0.9627489 0.96252793 0.96234244 0.96211064 0.96193874 0.96145827 0.9605347 0.95738584 0.9467984 0.8952272
>T0582_2_2-122 123-221_60
0.050110888 0.033394877 0.029622477 0.028615326 0.028499138 0.028846407 0.029406412 0.029817663 0.029982248 0.029940585 0.02986328 0.029927216 0.030011492 0.030241901 0.030506445 0.030947939 0.031765774 0.032883365 0.0344244 0.036572624 0.0395382 0.043919645 0.050570503 0.059795305 0.072239384 0.08801691 0.10703605 0.13024622 0.16145751 0.20262489 0.25571588 0.32440448 0.40175354 0.4702341 0.5306269 0.5812067 0.6564731 0.8216855 0.91218835 0.9330724 0.9387793 0.9385155 0.93497837 0.9310707 0.9289095 0.9279182 0.92650074 0.9248011 0.92258644 0.9201952 0.917864 0.9159137 0.9149243 0.9148527 0.9140633 0.9135038 0.91214746 0.90696 0.9001842 0.77283907
>T0582_2_2-122 123-221_60
0.21644236 0.21894166 0.20787291 0.1967364 0.18850823 0.18375906 0.17997068 0.17827833 0.17685567 0.17548564 0.17429924 0.17407458 0.17357315 0.17447446 0.17638941 0.17978638 0.18488833 0.19176732 0.1990837 0.20509006 0.20837381 0.20409614 0.19324851 0.17765363 0.16255428 0.1488006 0.13816197 0.1301723 0.12527552 0.12413476 0.1270577 0.13501748 0.14736578 0.16362312 0.18042487 0.20462458 0.25597087 0.42349368 0.74587303 0.84651583 0.86933625 0.8813816 0.8874102 0.8898569 0.8897928 0.8880824 0.8853111 0.88182145 0.8778789 0.872989 0.86671853 0.8576217 0.8426173 0.81568116 0.77492815 0.7364397 0.7051939 0.69655526 0.7202737 0.627124
>T0582_2_2-122 123-221_42
0.1210287 0.12227714 0.13012646 0.13050866 0.1293747 0.12885836 0.12874375 0.12959537 0.13195711 0.13757356 0.1454351 0.15532488 0.16752675 0.18281673 0.20300074 0.22917573 0.26125672 0.30136508 0.35328582 0.4280588 0.55292207 0.7415618 0.8368257 0.850915 0.85627574 0.85435426 0.8485082 0.8423596 0.83676964 0.8328926 0.83077127 0.8293666 0.82780945 0.82590306 0.8238101 0.8220127 0.81987673 0.81638545 0.8100333 0.8018791 0.7932564 0.83065635
>T0586_2_5-84 85-123_60
0.21568815 0.23402116 0.25053748 0.25752136 0.25938413 0.25753462 0.25452793 0.25196353 0.2496323 0.2479069 0.24651892 0.24597183 0.24589702 0.24663141 0.2483806 0.2512104 0.2550316 0.25931805 0.2643195 0.26975015 0.2749049 0.28066012 0.28734317 0.29476348 0.3035807 0.31378168 0.3251997 0.33846152 0.3539702 0.3702064 0.38630894 0.40196222 0.41645247 0.43063647 0.44391152 0.45757815 0.47532684 0.507957 0.56875336 0.6586064 0.7260903 0.7432628 0.73988396 0.73209816 0.7175909 0.6994371 0.6833466 0.6722807 0.6657971 0.66271687 0.6614811 0.6609744 0.6600017 0.6582602 0.6551069 0.6509204 0.6431315 0.63300204 0.63595057 0.6489849
>T0586_2_5-84 85-123_60
0.18769222 0.20295282 0.21372017 0.21565837 0.21387874 0.21002251 0.20332168 0.1960623 0.18941845 0.18485416 0.18155034 0.1796602 0.17895451 0.17928647 0.1804337 0.18223177 0.18438944 0.18662705 0.18881966 0.1913264 0.19489326 0.19927803 0.20455304 0.21016146 0.21620354 0.22229297 0.22817402 0.23402299 0.24001352 0.24701768 0.25471318 0.2635631 0.27305606 0.28391674 0.29787335 0.31770045 0.35148612 0.4237501 0.5767286 0.7155109 0.75284463 0.7623994 0.7687316 0.77547014 0.7785249 0.7753846 0.7671433 0.76176065 0.7585273 0.75703937 0.7565054 0.7561899 0.75537175 0.7536194 0.75156516 0.7462209 0.73627204 0.7202787 0.7075269 0.7186878
>T0586_2_5-84 85-123_5
0.46942365 0.4647456 0.369116 0.18281594 0.030315617
>T0596_2_6-58 59-188_60
0.789113 0.8361012 0.8530141 0.8586914 0.8611317 0.86307335 0.8645405 0.865507 0.8659137 0.86615366 0.86630905 0.86637664 0.86639297 0.86637175 0.86633354 0.8661782 0.8659135 0.86552 0.86532956 0.8652263 0.86431205 0.85948986 0.8316957 0.6384116 0.3523346 0.21325159 0.16568731 0.13949738 0.10333628 0.07337062 0.058926765 0.05502959 0.05580228 0.059777535 0.06741449 0.08217144 0.113230154 0.16639292 0.28789783 0.7200649 0.89754266 0.9311602 0.94694424 0.95345545 0.9562857 0.95774317 0.9585388 0.959227 0.9597867 0.9602142 0.96026003 0.9600016 0.95949745 0.9589451 0.9584216 0.95780003 0.95679104 0.95424753 0.9462332 0.91072786
>T0596_2_6-58 59-188_60
0.07190748 0.07517694 0.08025789 0.07864231 0.072584234 0.06603504 0.060867306 0.056329027 0.05232064 0.049517937 0.04727572 0.045682754 0.044877786 0.044561412 0.044746555 0.045347303 0.046103045 0.0475295 0.049578875 0.052155215 0.055334184 0.05940295 0.065248065 0.07359988 0.0849893 0.09954685 0.116130695 0.13357627 0.15149114 0.16960287 0.1888339 0.2106109 0.2365154 0.2661615 0.30011347 0.33673507 0.38000187 0.4336434 0.51618385 0.66522944 0.7732391 0.8089835 0.814744 0.8138834 0.81446004 0.8157936 0.81708723 0.81788445 0.8183809 0.8186409 0.81876695 0.81853724 0.81810266 0.8172298 0.81582534 0.81320035 0.8091009 0.80126566 0.7848671 0.8159176
>T0596_2_6-58 59-188_60
0.055749018 0.03548124 0.029674415 0.027462019 0.026271692 0.025508711 0.025223773 0.025140287 0.025254445 0.025502589 0.025945125 0.026412515 0.026998334 0.027620139 0.028194191 0.028793287 0.02958732 0.030609315 0.03172505 0.033197213 0.035228726 0.03809608 0.042218 0.04786364 0.05533825 0.065500066 0.07843825 0.09424989 0.11243418 0.13243268 0.15296437 0.1722204 0.19132009 0.21120985 0.2347543 0.26374248 0.2998646 0.33873665 0.37802896 0.42324328 0.46257922 0.4877643 0.5014144 0.50721747 0.50872684 0.5046232 0.49550775 0.48929626 0.48938873 0.49465016 0.50293964 0.51280284 0.52273273 0.52888924 0.5321339 0.53302705 0.5387905 0.55717945 0.5823024 0.36892486
>T0596_2_6-58 59-188_33
0.2854307 0.28689012 0.2916841 0.29769066 0.30754536 0.3231783 0.34402183 0.37264717 0.41201222 0.46054584 0.5307657 0.64833 0.76371276 0.82365245 0.84444535 0.84966505 0.8498974 0.8452843 0.83722585 0.8290854 0.8223515 0.8163036 0.810246 0.803784 0.7968483 0.79028153 0.7842037 0.7782841 0.77163196 0.762139 0.7474897 0.7339088 0.73898923
>T0600_2_17-75 76-122_60
0.056386996 0.056268267 0.06296847 0.06353913 0.06115575 0.058414154 0.055831805 0.053347677 0.051171128 0.049145274 0.047642075 0.046847183 0.046364237 0.046232827 0.046479292 0.047564622 0.049421623 0.052349392 0.05610132 0.06088286 0.06685728 0.07367604 0.08115086 0.08953963 0.099512644 0.11181627 0.12629534 0.14215624 0.15851277 0.17711994 0.19786637 0.22180682 0.2506311 0.28628308 0.33110636 0.38298354 0.4414132 0.5061714 0.59397423 0.7431553 0.8368728 0.86517584 0.87199515 0.8721911 0.8694912 0.8653501 0.86026436 0.85502183 0.8500481 0.8455375 0.8412609 0.83763963 0.8343354 0.8307394 0.82626814 0.82053256 0.8123472 0.801509 0.7899194 0.7775614
>T0600_2_17-75 76-122_60
0.39934033 0.43213445 0.4395283 0.4125107 0.37265572 0.33230302 0.30103084 0.2766023 0.2566441 0.24046126 0.2262282 0.21144494 0.19540207 0.17999205 0.16573739 0.15101564 0.13751666 0.12479485 0.11386928 0.10488999 0.09913798 0.096766986 0.098080605 0.10146543 0.10814288 0.11764758 0.1296767 0.14276254 0.15851784 0.17396772 0.19172361 0.21321858 0.2391494 0.26851338 0.30056086 0.33943298 0.3964153 0.48997208 0.6568204 0.8079906 0.8683816 0.88683224 0.89406943 0.89784396 0.9008922 0.90428483 0.90547484 0.9067595 0.90728223 0.90805644 0.9078411 0.9069473 0.90586156 0.90439606 0.903761 0.90297246 0.90245396 0.90061843 0.88343674 0.8255898
>T0600_2_17-75 76-122_5
0.5091815 0.49294043 0.4037593 0.20009649 0.031323694
>T0608_2_29-117 118-278_60
0.62438273 0.74824536 0.8157655 0.840474 0.84949046 0.85294974 0.85469365 0.8548603 0.85425586 0.8526566 0.85018873 0.84686065 0.84451944 0.843325 0.84300315 0.8421593 0.83900446 0.8313958 0.8162486 0.7928394 0.7619953 0.7161799 0.6613116 0.60294944 0.5546742 0.52920246 0.53054893 0.5496438 0.5819701 0.6150599 0.646192 0.6768762 0.712273 0.7471599 0.775247 0.8012143 0.8236093 0.84589773 0.8708273 0.89274263 0.9083386 0.91772705 0.9242106 0.9299974 0.93423146 0.9368315 0.9380903 0.9381915 0.9370974 0.9347944 0.9314666 0.92699444 0.92153996 0.91563165 0.9100901 0.90522236 0.9003213 0.8937446 0.8788978 0.83321625
>T0608_2_29-117 118-278_60
0.08084146 0.07919689 0.08415015 0.08506153 0.08441121 0.083941385 0.08411589 0.08489563 0.08607105 0.08743745 0.08818775 0.08859471 0.088795945 0.08871524 0.08801743 0.0870936 0.08674932 0.087048635 0.08813529 0.08998727 0.09239202 0.09532421 0.09878182 0.102720335 0.10834083 0.11563444 0.123931654 0.13361885 0.14435312 0.15661657 0.16993792 0.18376154 0.19975407 0.22177784 0.24965458 0.2872475 0.34705848 0.45785993 0.6802838 0.86149114 0.8898858 0.9014045 0.90753853 0.9098584 0.91029406 0.90935403 0.90808946 0.9066127 0.905141 0.90331155 0.90132225 0.8995079 0.8982123 0.89697176 0.89609635 0.89582276 0.8963993 0.8966882 0.89425623 0.8945635
>T0608_2_29-117 118-278_60
0.19913715 0.20770322 0.21833134 0.22590053 0.23155338 0.23635344 0.24003649 0.24316037 0.24469224 0.24481258 0.24410464 0.24242857 0.24028133 0.2376287 0.23511568 0.23254776 0.23015001 0.22758198 0.22474831 0.22158755 0.21783619 0.21391691 0.20968656 0.20530586 0.20163737 0.19856064 0.19622815 0.19413887 0.19472592 0.19865215 0.20507601 0.21398078 0.22620352 0.24124315 0.2625472 0.2937502 0.3402054 0.40340063 0.48942256 0.58105266 0.59820396 0.5999757 0.60654026 0.60434705 0.59575975 0.5890485 0.5845961 0.58133656 0.57861596 0.57575625 0.57248974 0.5697512 0.56803364 0.5672808 0.56827897 0.567895 0.56374514 0.55787104 0.5663635 0.5408266
>T0608_2_29-117 118-278_60
0.07768413 0.06757908 0.07004726 0.07321617 0.07719792 0.08158342 0.087384455 0.09566486 0.10610397 0.11900049 0.13421522 0.15359537 0.17593656 0.20105495 0.22829004 0.25769308 0.2869462 0.3143342 0.33967292 0.36422256 0.3886457 0.4135937 0.43922904 0.46257952 0.48820686 0.5106225 0.5332138 0.556199 0.58051556 0.6050434 0.63437384 0.66134435 0.69702995 0.72802037 0.74818856 0.7638932 0.77490246 0.78291225 0.7899316 0.7940246 0.7990731 0.8045619 0.80954546 0.8135687 0.8155432 0.8146129 0.8104122 0.80166394 0.789781 0.7763473 0.7599528 0.7428657 0.7236218 0.70015687 0.67443895 0.64945436 0.6268477 0.6058557 0.5844295 0.5075103
>T0608_2_29-117 118-278_39
0.10974236 0.11153921 0.12819704 0.13990627 0.14541398 0.1480877 0.15060428 0.15413749 0.15936269 0.16778031 0.17913604 0.1964074 0.22326384 0.26112777 0.30905756 0.36826214 0.44614843 0.5692526 0.77275795 0.8972557 0.9197376 0.92913777 0.93198264 0.93048984 0.92653775 0.92173845 0.9176458 0.91445273 0.9115115 0.9087026 0.90620685 0.9035322 0.90086305 0.89779246 0.89392906 0.8881059 0.8780753 0.862064 0.8660207
>T0611_2_3-55 56-213_60
0.8139766 0.852809 0.86235344 0.86513203 0.8660351 0.86639655 0.8665593 0.86664903 0.8666948 0.8667144 0.86670834 0.86667985 0.8666264 0.86653703 0.8663534 0.8659523 0.8649408 0.8619471 0.85147166 0.7856078 0.45947936 0.21989691 0.10769357 0.06658753 0.05059857 0.04047241 0.033701338 0.029252356 0.026594391 0.025078917 0.024009468 0.023422502 0.023339633 0.023694063 0.02437576 0.026071055 0.030976586 0.05732642 0.3043634 0.7075061 0.8638783 0.92266166 0.9393376 0.9481523 0.9536792 0.95764095 0.9604079 0.9622371 0.9631251 0.9634508 0.96343786 0.9633688 0.96341264 0.96348864 0.9634872 0.9631507 0.9620497 0.95938915 0.9522611 0.9160122
>T0611_2_3-55 56-213_60
0.16347773 0.17570618 0.18705997 0.18954167 0.18971193 0.19092378 0.19426897 0.1989155 0.2049611 0.21204755 0.22159053 0.2324993 0.24321415 0.25204623 0.26039827 0.26904768 0.27757514 0.28724012 0.2973334 0.3079769 0.31876004 0.3294636 0.34034222 0.35101962 0.36133662 0.3710884 0.38039672 0.38844022 0.39578813 0.4029833 0.4103397 0.4182877 0.42689097 0.4357525 0.4452263 0.45638645 0.47276568 0.4991134 0.54078525 0.5924322 0.6174689 0.61667466 0.614004 0.6119565 0.6105984 0.61025745 0.60940087 0.6056452 0.59897316 0.5955711 0.59241724 0.59077764 0.58723605 0.5834999 0.5790276 0.5725277 0.560531 0.5498842 0.54108036 0.5859648
>T0611_2_3-55 56-213_60
0.09931736 0.08022579 0.07745775 0.076904066 0.07641657 0.07604846 0.075539574 0.07502471 0.074598424 0.07385884 0.072954334 0.07214678 0.071399406 0.07071281 0.07026128 0.07013404 0.070305154 0.0710711 0.07330066 0.07761441 0.08382406 0.092381865 0.10305883 0.11673812 0.1334297 0.15240763 0.17375048 0.19602431 0.21942203 0.24499027 0.27269283 0.30069417 0.32985654 0.35921293 0.39190364 0.43706658 0.5087796 0.62408197 0.7325012 0.7790439 0.79100126 0.79092306 0.78664255 0.7802461 0.7734559 0.7671551 0.7619151 0.75761396 0.75326574 0.7488737 0.74477327 0.7416793 0.73996556 0.73899066 0.7369981 0.73268795 0.725187 0.71261936 0.6918046 0.70005506
>T0611_2_3-55 56-213_47
0.10631507 0.109068766 0.122037634 0.13320814 0.14639682 0.16434042 0.18580629 0.20969735 0.23530099 0.2616614 0.2866121 0.31008238 0.33233935 0.35652915 0.3846503 0.41900936 0.45864075 0.501291 0.5397179 0.5720446 0.6093923 0.6506155 0.69843626 0.7465691 0.7872071 0.81780463 0.8443014 0.86229265 0.8712945 0.87530756 0.8775596 0.87871563 0.87910295 0.8789419 0.87831867 0.8773652 0.8758409 0.8738624 0.87168694 0.86927146 0.8663007 0.8621178 0.855245 0.84344906 0.8243051 0.7962538 0.8132231
